.Random.seed <-
c(403L, 10L, 939024435L, -7794735L, 828212608L, 609208414L, 111241129L, 
915070555L, -1424031126L, 1008840460L, 1607878991L, -645729787L, 
-1788583748L, 2033273234L, -1500175731L, -80342841L, 1687561646L, 
-1200181240L, -93723637L, -2137415447L, -1096294472L, -697141146L, 
204925185L, 1432264595L, 818344002L, -62572556L, -1124310537L, 
635741677L, 383444612L, -1941743446L, 213493269L, -508003665L, 
1021259958L, -1785368864L, 1461170723L, -1165697727L, 1592057904L, 
-2036385202L, 1176665785L, 1491552971L, -562132102L, -1507247492L, 
-1472868673L, 1780316053L, 151252908L, 1672949122L, 224588637L, 
826531415L, 343801150L, -1976005256L, 1531453019L, -796837447L, 
-1094480888L, 1278514870L, 1080075761L, 1921874979L, 997463154L, 
-788347196L, 194699399L, 13804637L, 43141716L, 1127129210L, -511269947L, 
-2136615649L, 839709862L, 2040546864L, 859249875L, 1236472561L, 
958669344L, -51297090L, -1375031095L, -505548165L, 1996281930L, 
-2136135508L, -1511764049L, -912811163L, 1826025756L, 1237514610L, 
959637997L, -259621337L, -1283805618L, 119100072L, 1580593323L, 
1161271753L, 1647769048L, 2116551814L, 1586456929L, 354528499L, 
926552930L, -454156844L, 1877219543L, -1660097843L, 614021732L, 
-752553910L, 128595381L, -181249777L, -2104097258L, -2118401856L, 
-846014845L, -1357344095L, -916409200L, 393863022L, -2064008935L, 
-1518085717L, -519653478L, 1596565340L, -1258129825L, 1498449461L, 
725624268L, 1264952610L, 1171820413L, 1492329591L, -1697769058L, 
219254872L, -592998981L, 1371251545L, 409063656L, -1337200362L, 
-1063349615L, 2058149699L, 973388370L, 1083755748L, 600692519L, 
590762877L, 2061510260L, -1842079654L, -1633689435L, 570016447L, 
866195782L, -1531826224L, 911387123L, -1696053999L, 1075110208L, 
105533726L, 48555497L, 606201627L, -1153756886L, -1753314740L, 
1734956559L, 286767429L, 238854908L, 901798226L, -1661374771L, 
1755334279L, -2139401874L, -1229411512L, -209916085L, 2042934953L, 
-44332040L, 1487450918L, -890964927L, 1458771411L, 1694242690L, 
47799220L, -1355762889L, 1081496109L, -629517500L, -1836042134L, 
-1928535339L, 1286184047L, -1847421578L, 1448746656L, 961190755L, 
810184705L, -398550160L, 1195496206L, -326455943L, 2130086155L, 
989493818L, 1662791996L, -1052795265L, 358876629L, -1046512660L, 
-156992190L, 994312861L, 1264561943L, 1749601918L, 1345383992L, 
-819078885L, 1519287929L, 136723144L, -1915852042L, -1743264975L, 
-121687197L, 2043152690L, -1918076284L, -294005049L, -548987491L, 
980613396L, 1456412602L, 990888453L, 1984238559L, -13637018L, 
1802298864L, -862739693L, -1231352655L, 1045008224L, 1595346174L, 
1358531721L, 430746555L, -1238628982L, -1645149076L, -671441425L, 
-983394779L, 152220380L, 781150386L, 1808608173L, 1170698087L, 
770129038L, -1619871384L, -309270165L, 95873801L, -863093352L, 
-825217850L, 286635553L, 650614451L, 913620002L, -1878604268L, 
847886999L, 858289293L, 1480522148L, -883301494L, -2092806155L, 
-276611505L, -1696052906L, 871298048L, 1045527875L, 1968959713L, 
868518480L, -518935984L, -636595038L, -1607915704L, 1309861388L, 
-907831588L, 385638482L, 1993478272L, 26522452L, -1106324504L, 
-1563405574L, 1480200016L, 1797820460L, 387813748L, -890770798L, 
-1263644064L, -448103284L, 804728160L, -1292140318L, 328226984L, 
-1841904948L, -1240447492L, 1243764658L, -1124552720L, -1965621820L, 
1513720152L, 951758202L, -595468880L, -1884366404L, -530224556L, 
-2086523454L, -1725822176L, -966153284L, -757812144L, -1534044190L, 
-338945176L, -2086213812L, -1547969796L, 1781830386L, 179187968L, 
-1088859020L, 1046215176L, 1680122298L, -1168852528L, 1469207532L, 
-1279944812L, 291218642L, -1591570336L, -601491124L, -353362144L, 
-794221950L, 1668411880L, 1601602540L, -986530244L, 147853938L, 
-1950296208L, -1599454940L, -2010546632L, 1464675738L, -719481392L, 
827978172L, 1928829588L, -663210366L, -86017600L, 365698876L, 
-966048112L, 1932870434L, -1582911992L, -1053579508L, 1230004124L, 
-1752762350L, -551304320L, -1143685356L, 405154088L, -1874905030L, 
-1972639792L, 708477548L, -2023537612L, -1789236078L, 2056336736L, 
2081399116L, -1466261024L, 1414477730L, -137076824L, 732548236L, 
-543659076L, 172982386L, -2117102608L, -1653669820L, -828877736L, 
-1077786566L, -1121484688L, -935687620L, -525038828L, -1848189246L, 
908959456L, -1743715204L, 719548624L, -1397742686L, 545120808L, 
1407032588L, 1287334844L, -1692693198L, 1223591104L, 1389706804L, 
208922312L, 1589350074L, -42170224L, 1692101356L, -1594367404L, 
148629138L, 1185422112L, 637852620L, 1708602592L, 866417346L, 
-901758936L, -1763433556L, 1655640764L, 2140659186L, -1860620752L, 
1376864164L, -441211464L, 520161114L, -1202468720L, -2059738244L, 
863066900L, 935559490L, -1397693696L, -1860819012L, -26336432L, 
-1297093342L, -737995192L, 650356748L, -757594020L, 1094078930L, 
1027420672L, -1487144620L, -645102360L, 2019212538L, -1769775408L, 
241444140L, 1551485172L, 447401362L, 1072009568L, -1917005812L, 
308901600L, 1781344866L, 1333847720L, 550536780L, 462381948L, 
1052566834L, -170592656L, 1978960708L, 570721240L, 122933114L, 
2080475696L, -2015040580L, 622973524L, 239240258L, 373522592L, 
102644412L, -2134868528L, 224741218L, 758401768L, 694277324L, 
1649348092L, 2006170098L, -1181804928L, 343676404L, 1184150152L, 
1635688250L, 1988951888L, -143524756L, -1292274284L, 802341970L, 
-273278496L, 635464908L, 666249376L, 875530626L, -1737959192L, 
-1622631700L, 1632027964L, -1282947982L, -1191572368L, -1703570396L, 
1848856632L, -744332518L, -624925488L, 1303581500L, -250142828L, 
1900418946L, 1864854976L, 68940348L, 1942256016L, -1951378910L, 
-379974392L, 1057317516L, -987691236L, 144730258L, 1064233344L, 
-1293309420L, 1759896360L, -1040359878L, -1994272304L, 1022539116L, 
-500601932L, 1132071954L, -1815799328L, -1021846580L, 827197664L, 
631373858L, 1046089000L, -1671942644L, -1983546564L, 1346733042L, 
-1174642960L, -889249212L, -2071794088L, 267027258L, -950148624L, 
-821465412L, 1118317844L, -1425197374L, 660207712L, 2093356924L, 
-1113670704L, 2085874978L, -1475770712L, -1642297486L, 1459567175L, 
-944551407L, -1400224874L, -782727436L, -1842272123L, 737844687L, 
-1385617208L, -305708698L, 481391507L, 1704754421L, -1209082670L, 
850561824L, 2014118665L, -2002770885L, 900770188L, 63979546L, 
577301647L, 1797723097L, 238244974L, -1427507204L, -2133365395L, 
-789403881L, 482186976L, 455599294L, -1083526517L, -1088816883L, 
165047610L, -2128548488L, 689760033L, -1095532589L, 1480386292L, 
-77006974L, 43851287L, -715770655L, 1069896230L, -2012703964L, 
-1877591083L, 749656959L, 1127407128L, 1069507894L, -2108965949L, 
-838852091L, -2115667550L, -1926480496L, -790606535L, -579335701L, 
46746332L, -2082394358L, 2080252415L, 85289033L, -175963682L, 
-1250432628L, -713849507L, -574200473L, 1440495248L, -784803666L, 
-781477541L, -953103043L, -594509910L, 1062115400L, 1683550321L, 
-1085530653L, -1678026524L, -1834945518L, -611483673L, -1405179983L, 
1020017142L, 473760788L, 525237029L, -229172177L, 394137064L, 
920464070L, 722776947L, -776455211L, -1779809358L, -848145024L, 
1930923369L, 2052350427L, -586528468L, -1066669254L, -643332625L, 
-1379819399L, -204666098L, -2100248868L, -389051059L, -1647615817L, 
1744820800L, -1479646434L, 1423190507L, -109173395L, 1064995802L, 
-1831084648L, 700908545L, 1140094387L, 1524505812L, 1610877410L, 
1074594935L, 845289921L, -1786404026L, 904818308L, 1092057141L, 
792651807L, -275771528L, 1330325078L, -1318356253L, -1773355867L, 
-2119785150L, -1040796880L, -2126047399L, 162708683L, -440005316L, 
77891946L, -848034913L, -32031191L, 379216062L, 14629292L, -678615299L, 
-733355449L, -1550503632L, -2136229298L, -1947295109L, -1938112035L, 
2140145674L, 270915880L, -1186044015L, -1652430461L, 1682933380L, 
-757746510L, 460735495L, -1682108335L, -1202176042L, -1576071500L, 
-1773359419L, 1382195215L, 1649602696L, -448441946L, -477050541L, 
-906560843L, -1717678062L, 238002656L, -130132919L, 750977659L, 
1254312780L, 204340954L, -215772465L, 339079833L, -1881104722L, 
